paper_id,model,question,answer
2307.10373,claude-2.0,What is the central research question or hypothesis that this paper addresses?," Based on my reading of the paper, the central research question is: 

How can we leverage a pre-trained text-to-image diffusion model for consistent, high-quality semantic video editing?

Specifically, the paper aims to develop a method to edit videos according to textual prompts, while preserving the spatial layout and motion of the original video. The key challenges are generating high visual quality results and maintaining temporal consistency across frames after editing.

The central hypothesis is that consistency in the edited video can be obtained by enforcing consistency in the diffusion feature space of the pre-trained text-to-image model. By explicitly propagating edited diffusion features based on correspondences in the original video, the method can preserve semantic layout and motion while still adhering to the textual prompt.

In summary, the paper introduces a framework called TokenFlow that harnesses a text-to-image diffusion model for semantically-consistent video editing, without requiring additional training or fine-tuning. The key innovation is propagating diffusion features across frames based on original video correspondences to achieve temporal consistency in the edits."
2307.10373,claude-2.0,What is the main contribution of this paper?," This paper presents a method for consistent, high-quality semantic editing of real-world videos using a text-to-image diffusion model. The key contributions are:

- A technique called TokenFlow that enforces semantic correspondences of diffusion features across frames to increase temporal consistency when editing videos with a text-to-image diffusion model. 

- An empirical analysis studying the properties of diffusion features across video frames, showing they exhibit redundancy and consistency like natural videos.

- State-of-the-art editing results on diverse real-world videos depicting complex motions, outperforming prior video editing methods.

In summary, the main contribution is the TokenFlow technique to leverage diffusion features for temporally consistent video editing with a text-to-image model, without requiring additional training or finetuning. This allows harnessing the power of state-of-the-art image models for high-quality video editing."
2307.10373,claude-2.0,"What is the TL;DR (Too Long, Didn't Read) version of the paper? If you had to summarize it in one sentence, what would that be?"," Here is a one sentence summary of the key points from the paper:

The paper proposes a method called TokenFlow that leverages diffusion features from a pre-trained image model to enable consistent, high-quality semantic video edits driven by text prompts, without requiring any training or fine-tuning of the model."
2307.10373,claude-2.0,How does this paper compare to other research in the same field?," Based on my reading of the paper, here is a comparison to other related research:

- The key innovation of this paper is propagating diffusion features across frames based on correspondences to achieve temporally consistent video edits. This directly builds on prior work like Tune-A-Video that showed extending the self-attention across frames can encourage some consistency. However, this paper argues that just using cross-frame attention is insufficient for fine-grained consistency, and explicitly propagating features is needed.

- Compared to other video editing/stylization techniques that use optical flow or patch-based propagation, this method leverages the latent space of the diffusion model, which provides more semantic correspondences than traditional low-level approaches. The analysis of redundancy in diffusion features is also novel.

- Unlike recent text-to-video generation models, this approach only requires a text-to-image model and does not involve costly training or finetuning. So it is more practically applicable given current capabilities of image vs video models.

- The concurrent work Text2Video-Zero shares the motivation of leveraging an image diffusion model for video editing. However, it seems to rely more heavily on cross-frame attention rather than explicit feature propagation. The comparisons show this paper's approach leads to better consistency.

- Compared to layered video editing techniques, this method can handle more complex videos without needing an object decomposition. But it is limited to edits that preserve structure rather than introducing new elements or Motion.

Overall, this paper makes contributions in feature analysis and propagation for video consistency, and demonstrates state-of-the-art results. The idea of leveraging inherent redundancies in the model's latent space is fairly novel compared to prior video editing approaches."
2307.10373,claude-2.0,What future research directions do the authors suggest?," The authors propose several future research directions:

- Improving the video decoder to reduce high-frequency flickering artifacts. They suggest combining their framework with improved decoders like VideoLDM or a temporally smooth diffusion model.

- Studying the internal representation of natural videos in diffusion models more deeply. The authors believe their findings about temporal redundancies in the feature space could inspire future research on harnessing image models for video tasks and designing better text-to-video models.

- Applying their framework to other types of video editing tasks beyond semantic/appearance editing, such as editing the motion or structure of videos.

- Extending their method to handle edits that require structural changes, which it currently cannot do since it is designed to preserve the original motion and structure.

- Combining their explicit feature propagation approach with implicit consistency modeling via cross-frame attention, to get the benefits of both techniques.

- Adapting their framework to work with video diffusion models once those become more advanced, instead of just leveraging an image diffusion model.

So in summary, the main suggested future work is improving the video decoder, studying diffusion video representations more thoroughly, expanding the types of edits possible, handling structural changes, integrating implicit and explicit consistency, and adapting the method to video diffusion models. The key directions are pushing the visual quality, generalization, and scope of this kind of semantic video editing approach."
2307.10373,claude-2.0,Summarize the paper in one paragraph.," Here is a one paragraph summary of the paper:

This paper presents a framework to harness the power of pre-trained text-to-image diffusion models for the task of text-driven video editing. The key idea is to achieve temporally consistent edits by enforcing consistency in the diffusion feature space of the model, based on the observation that natural videos exhibit redundancy across frames in both RGB and diffusion feature spaces. The method extracts inter-frame correspondences between diffusion features of the original video, and uses these to propagate edited features extracted from keyframes to the full video. This allows leveraging an off-the-shelf image editing model without training while preserving motion and structure. Results demonstrate state-of-the-art editing on diverse real videos adhering to text prompts. The approach does not modify inherent video dynamics, but the use of diffusion features enables higher quality and consistency than previous methods."
2307.10373,claude-2.0,Summarize the paper in two paragraphs.," Here is a two paragraph summary of the paper:

The paper presents a framework for consistent, high-quality semantic video editing using an off-the-shelf text-to-image diffusion model. The key idea is to achieve temporal consistency in the edited video by enforcing consistency in the diffusion feature space of the model. 

Specifically, the authors first extract diffusion features from the input video frames using DDIM inversion. They observe that these features exhibit redundancy across frames, similar to the input video in RGB space. To edit the video, they alternate between sampling keyframes and editing them jointly, and propagating the edited features to all frames based on correspondences from the original video features. This propagates the edit while preserving the original motion and layout. Their method, TokenFlow, outperforms baselines in consistency and quality on complex real videos. It allows harnessing powerful image diffusion models for consistent video editing without requiring any training or finetuning. The authors also provide analysis into diffusion video features, shedding light on harnessing image models for video tasks."
2307.10373,claude-2.0,Summarize the main method used in the paper in one paragraph.," Here is a one paragraph summary of the main method used in the paper:

The paper presents a framework called TokenFlow for consistent semantic video editing using a pretrained text-to-image diffusion model. The key idea is to enforce consistency of the diffusion features across frames during editing to achieve coherent videos. Specifically, the method involves first inverting the input video frames using DDIM to obtain the sequence of noisy latents. It then alternates between sampling keyframes, editing them jointly using an extended attention block to share global appearance, and propagating the edited keyframe features to all frames using correspondences from the original unedited features. This explicit feature propagation based on original video correspondences encourages consistency while allowing incorporation of semantic edits. The method does not require any training or fine-tuning and can work with any off-the-shelf diffusion image editing technique."
